# === Outer edge ===
0.0 0.0
50.0 0.0
50.0 50.0
0.0 50.0

# Barier 1 (vertices: 5)
41.75 20.51
40.28 20.44
39.93 19.9
40.33 18.82
40.83 18.6

# Barier 2 (vertices: 4)
26.23 2.49
25.95 2.07
25.92 1.93
26.36 1.01

# Barier 3 (vertices: 4)
16.76 37.96
15.82 38.31
16.7 36.94
16.71 36.96

# Barier 4 (vertices: 6)
27.62 5.21
27.67 5.45
27.67 5.47
26.42 6.19
26.1 5.83
25.99 5.61

# Barier 5 (vertices: 4)
31.17 4.55
31.25 4.97
31.09 5.63
29.93 4.62

# Barier 6 (vertices: 3)
4.65 47.81
5.54 47.43
6.08 47.82

# Barier 7 (vertices: 5)
44.93 20.47
44.27 20.44
44.35 18.83
44.93 18.79
45.2 19.09

# Barier 8 (vertices: 6)
22.45 40.51
22.89 40.21
23.67 40.26
23.76 40.31
23.6 41.91
22.27 41.27

# Barier 9 (vertices: 6)
34.13 8.24
34.53 8.57
34.58 8.71
33.92 9.63
33.74 9.62
33.34 8.65

# Barier 10 (vertices: 5)
15.8 42.15
15.66 42.17
16.72 40.03
16.86 40.2
16.66 41.39

# Barier 11 (vertices: 4)
36.48 34.46
36.31 33.97
37.49 33.01
37.91 34.77

# Barier 12 (vertices: 6)
0.99 19.83
0.93 19.7
0.85 19.48
2.12 18.98
1.49 20.33
1.48 20.32

# Barier 13 (vertices: 5)
34.68 38.32
33.78 38.31
33.03 37.3
33.12 36.74
33.82 36.57

# Barier 14 (vertices: 6)
30.46 25.93
31.49 26.87
31.48 26.9
31.42 27.06
30.01 27.61
29.37 26.4

# Barier 15 (vertices: 6)
22.24 19.1
23.01 18.57
23.97 18.87
24.21 19.19
24.31 19.53
22.23 19.13

# Barier 16 (vertices: 6)
41.3 42.12
41.24 42.13
40.88 42.11
40.03 41.12
40.03 40.89
40.19 40.45

# Barier 17 (vertices: 3)
41.85 34.87
40.73 35.0
40.54 34.89

# Barier 18 (vertices: 4)
15.17 48.53
15.76 49.33
15.52 49.31
15.41 49.26

# Barier 19 (vertices: 6)
48.27 27.48
47.76 26.21
49.16 26.69
49.12 26.9
49.0 27.11
48.91 27.19

# Barier 20 (vertices: 5)
44.37 11.62
45.2 11.5
45.46 11.7
45.61 12.26
45.02 13.31

# Barier 21 (vertices: 6)
47.58 15.54
47.99 15.42
49.34 15.75
49.3 16.3
48.75 16.64
47.68 16.71

# Barier 22 (vertices: 6)
20.21 16.77
19.8 16.92
19.62 16.89
18.91 15.75
19.82 15.32
20.16 15.63

# Barier 23 (vertices: 4)
11.92 20.0
11.65 19.17
12.43 18.74
13.3 19.73

# Barier 24 (vertices: 6)
43.55 2.13
43.67 1.52
43.85 1.3
45.29 0.97
45.71 1.35
45.01 2.55

# Barier 25 (vertices: 4)
23.86 15.73
23.93 16.24
22.97 15.38
23.17 15.34

# Barier 26 (vertices: 3)
16.84 8.08
16.93 8.25
16.98 8.6

# Barier 27 (vertices: 3)
47.09 5.41
47.86 4.22
48.27 4.21

# Barier 28 (vertices: 3)
30.56 40.26
30.93 40.47
31.38 41.11

# Barier 29 (vertices: 3)
12.31 47.35
13.3 47.96
12.07 48.93

# Barier 30 (vertices: 4)
9.37 18.89
9.69 20.18
8.35 20.37
8.33 19.02

# Barier 31 (vertices: 5)
41.69 12.07
41.5 13.19
40.53 13.01
40.29 12.58
40.34 12.11

# Barier 32 (vertices: 3)
2.75 33.55
1.33 35.06
0.89 34.52

# Barier 33 (vertices: 3)
9.9 34.34
8.46 34.49
7.98 33.95

# Barier 34 (vertices: 4)
22.07 37.55
22.99 36.39
24.05 36.71
22.28 38.15

# Barier 35 (vertices: 6)
32.95 40.59
33.41 40.16
33.57 40.09
35.04 41.13
33.43 42.02
33.33 41.97

# Barier 36 (vertices: 4)
24.0 30.27
22.72 31.13
22.69 31.11
23.15 29.61

# Barier 37 (vertices: 4)
16.42 17.16
15.3 16.02
16.09 15.04
16.34 15.21

# Barier 38 (vertices: 6)
20.35 23.54
20.24 23.75
20.1 23.91
19.45 24.08
18.91 22.94
18.95 22.84

# Barier 39 (vertices: 5)
15.34 12.65
15.39 11.95
16.3 11.82
16.63 12.08
15.6 13.01

# Barier 40 (vertices: 6)
38.17 40.74
38.23 41.52
37.69 42.14
37.53 42.14
36.75 40.79
36.79 40.55

# Barier 41 (vertices: 6)
9.23 48.88
8.02 48.52
8.45 47.68
8.55 47.6
9.45 47.38
9.83 47.99

# Barier 42 (vertices: 5)
38.39 27.46
37.06 27.61
36.65 27.34
36.36 26.81
36.46 26.29

# Barier 43 (vertices: 5)
33.29 15.54
34.42 15.46
34.71 16.27
33.99 16.9
33.78 16.87

# Barier 44 (vertices: 6)
8.25 30.67
8.14 29.94
9.02 29.53
9.41 29.78
9.72 30.78
9.7 30.83

# Barier 45 (vertices: 3)
33.78 34.8
34.88 33.84
34.75 34.26

# Barier 46 (vertices: 3)
41.34 6.27
40.77 6.29
40.47 6.21

# Barier 47 (vertices: 6)
12.83 45.74
12.76 45.75
12.46 45.78
11.76 45.51
11.43 44.23
12.33 43.52

# Barier 48 (vertices: 4)
15.19 19.74
15.18 19.69
15.25 19.31
16.89 19.26

# Barier 49 (vertices: 4)
48.31 9.66
48.15 9.64
47.81 9.48
47.66 8.34

# Barier 50 (vertices: 3)
8.77 27.9
8.15 27.58
7.82 26.45

# Barier 51 (vertices: 6)
26.4 8.01
27.53 8.49
27.54 8.5
27.83 9.17
27.75 9.51
27.57 9.7

# Barier 52 (vertices: 6)
29.88 37.07
30.72 36.9
30.92 37.8
30.11 38.15
29.7 37.65
29.71 37.42

# Barier 53 (vertices: 5)
9.11 41.79
8.3 41.24
8.3 40.74
9.05 40.37
9.12 40.4

# Barier 54 (vertices: 3)
5.66 26.02
6.28 27.19
4.98 27.53

# Barier 55 (vertices: 5)
45.09 36.52
45.4 38.17
45.25 38.39
44.24 38.51
44.23 38.5

# Barier 56 (vertices: 3)
40.68 15.27
40.86 15.21
41.74 15.45

# Barier 57 (vertices: 4)
5.2 39.95
6.26 40.55
4.53 41.7
4.37 40.52

# Barier 58 (vertices: 3)
0.77 12.38
0.89 12.99
0.87 12.96

# Barier 59 (vertices: 6)
33.76 27.82
33.65 27.79
33.01 26.64
33.09 26.34
33.79 25.74
34.75 26.32

# Barier 60 (vertices: 4)
34.7 22.9
34.78 23.17
34.2 22.39
34.4 22.52

# Barier 61 (vertices: 6)
20.15 30.77
19.93 30.97
19.91 30.98
19.81 31.03
19.58 31.08
19.4 29.72

# Barier 62 (vertices: 4)
37.88 44.13
37.44 45.33
37.32 45.28
36.71 44.72

# Barier 63 (vertices: 4)
22.67 34.7
23.16 32.95
23.57 32.98
23.92 33.67

# Barier 64 (vertices: 4)
31.5 12.9
29.11 12.46
29.92 11.55
30.54 11.49

# Barier 65 (vertices: 6)
8.64 6.06
8.19 5.06
8.69 4.6
8.84 4.57
9.55 4.93
9.66 5.15

# Barier 66 (vertices: 4)
33.77 45.45
33.16 44.58
33.12 44.47
34.64 45.57

# Barier 67 (vertices: 6)
34.55 2.55
34.1 2.91
33.98 2.96
33.37 2.87
33.14 1.27
34.87 1.84

# Barier 68 (vertices: 5)
33.46 13.32
33.1 12.87
33.1 12.87
33.05 12.14
34.43 11.71

# Barier 69 (vertices: 6)
45.05 45.35
44.97 45.38
44.59 45.4
44.5 43.88
44.64 43.88
44.9 43.94

# Barier 70 (vertices: 6)
30.29 34.65
30.17 34.59
29.67 33.79
29.75 33.42
29.83 33.32
30.65 33.33

# Barier 71 (vertices: 6)
27.03 26.15
26.81 27.47
26.48 27.4
26.44 27.39
25.85 26.65
26.86 26.11

# Barier 72 (vertices: 5)
29.63 9.42
30.1 8.2
30.91 8.23
31.04 8.37
29.98 9.72

# Barier 73 (vertices: 5)
16.53 0.99
16.7 1.07
16.69 2.19
15.95 2.61
15.62 2.59

# Barier 74 (vertices: 3)
25.87 19.72
27.17 18.82
27.44 19.02

# Barier 75 (vertices: 4)
20.77 48.01
20.1 48.89
19.81 49.04
19.6 49.11

# Barier 76 (vertices: 6)
44.91 23.97
44.06 23.75
43.75 23.37
44.95 22.53
45.57 23.15
45.59 23.29

# Barier 77 (vertices: 5)
9.37 11.73
9.65 11.96
9.83 12.63
9.32 13.31
8.06 12.77

# Barier 78 (vertices: 6)
9.0 24.08
8.94 24.08
8.87 24.07
8.37 23.62
8.71 22.37
9.53 23.64

# Barier 79 (vertices: 6)
13.16 37.26
13.15 38.21
12.99 38.26
12.65 38.25
11.72 36.88
12.24 36.73

# Barier 80 (vertices: 5)
5.34 31.23
4.75 30.56
4.71 30.16
4.72 30.07
5.89 29.96

# Barier 81 (vertices: 3)
37.48 48.92
37.29 47.53
37.98 47.7

# Barier 82 (vertices: 3)
30.06 2.47
29.91 2.39
29.84 2.33

# Barier 83 (vertices: 6)
2.64 36.8
2.76 37.75
1.52 38.53
1.19 36.73
1.69 36.48
2.17 36.49

# Barier 84 (vertices: 6)
8.77 2.55
8.08 2.47
8.74 1.1
8.9 1.06
10.04 1.73
9.47 2.32

# Barier 85 (vertices: 5)
1.11 15.54
1.23 15.36
2.57 15.3
2.62 15.44
2.67 15.97

# Barier 86 (vertices: 6)
18.81 41.29
18.78 41.16
18.9 40.56
20.33 41.66
19.91 41.94
19.03 41.66

# Barier 87 (vertices: 3)
48.06 2.71
47.81 0.93
48.99 2.22

# Barier 88 (vertices: 3)
41.99 26.52
41.91 26.78
40.4 26.54

# Barier 89 (vertices: 4)
22.63 2.37
23.94 1.55
23.95 1.6
23.96 1.79

# Barier 90 (vertices: 5)
44.73 29.51
45.07 29.63
45.44 30.19
44.39 31.17
43.88 30.65

# Barier 91 (vertices: 4)
13.31 9.37
12.42 9.91
12.12 9.83
12.29 7.97

# Barier 92 (vertices: 3)
4.48 12.23
4.55 12.0
4.69 11.81

# Barier 93 (vertices: 6)
15.95 25.82
15.97 25.82
15.9 27.7
15.43 26.28
15.59 26.01
15.7 25.92

# Barier 94 (vertices: 5)
2.6 41.5
1.08 41.79
1.08 40.43
1.12 40.38
1.54 40.05

# Barier 95 (vertices: 5)
2.71 48.1
2.41 48.96
1.18 48.92
1.04 48.76
0.97 48.65

# Barier 96 (vertices: 4)
30.12 29.75
30.32 29.72
30.62 30.95
30.43 30.99

# Barier 97 (vertices: 4)
49.43 33.94
48.58 34.82
49.24 33.36
49.35 33.53

# Barier 98 (vertices: 6)
40.64 36.49
42.05 37.48
42.05 37.54
41.66 38.43
41.46 38.53
40.12 37.12

# Barier 99 (vertices: 4)
15.62 22.56
16.57 23.83
16.09 24.0
15.28 23.08

# Barier 100 (vertices: 6)
27.29 15.68
27.17 16.76
26.06 16.06
26.04 15.82
26.79 15.38
27.09 15.51

# Barier 101 (vertices: 4)
40.15 23.68
40.77 22.19
41.16 22.16
42.07 23.57

# Barier 102 (vertices: 3)
49.22 47.91
49.0 48.7
47.26 48.67

# Barier 103 (vertices: 5)
47.91 41.67
47.89 41.66
47.57 41.26
47.58 40.87
47.69 40.68

# Barier 104 (vertices: 5)
12.23 0.73
12.97 0.87
13.45 1.99
13.34 2.36
11.95 2.64

# Barier 105 (vertices: 6)
48.41 22.08
49.32 22.92
48.43 24.35
47.25 23.82
47.07 23.16
47.39 22.41

# Barier 106 (vertices: 3)
31.56 15.82
31.58 16.25
31.52 16.47

# Barier 107 (vertices: 3)
44.43 14.97
45.02 14.98
44.65 17.2

# Barier 108 (vertices: 5)
47.51 29.83
48.73 29.83
49.04 30.68
48.83 30.96
47.92 31.02

# Barier 109 (vertices: 6)
18.79 12.4
18.78 12.31
19.16 11.52
20.32 12.04
20.4 12.21
18.93 12.88

# Barier 110 (vertices: 3)
6.28 8.89
4.54 9.74
4.51 9.72

# Barier 111 (vertices: 3)
45.06 27.88
44.0 25.92
45.06 25.73

# Barier 112 (vertices: 6)
4.57 20.13
4.57 19.03
5.38 18.72
6.02 20.37
5.74 20.53
5.64 20.55

# Barier 113 (vertices: 3)
36.85 6.23
36.6 5.63
36.85 4.68

# Barier 114 (vertices: 3)
16.79 30.87
15.75 31.4
15.76 29.35

# Barier 115 (vertices: 3)
41.46 0.8
42.04 1.21
41.62 2.71

# Barier 116 (vertices: 5)
12.75 22.56
12.9 23.75
11.8 23.46
11.77 23.19
11.97 22.78

# Barier 117 (vertices: 3)
24.39 26.73
23.22 26.09
24.36 26.51

# Barier 118 (vertices: 4)
12.05 17.11
11.48 15.62
12.91 15.02
13.59 16.31

# Barier 119 (vertices: 6)
17.02 44.06
17.13 44.53
17.11 44.62
17.09 44.72
16.02 45.56
15.75 45.57

# Barier 120 (vertices: 6)
4.23 22.88
4.6 22.57
5.53 22.49
6.44 23.02
6.52 23.22
6.28 23.76

# Barier 121 (vertices: 6)
36.45 8.59
36.72 8.17
38.25 8.21
38.45 8.44
38.58 9.16
38.57 9.2

# Barier 122 (vertices: 3)
20.36 33.18
19.86 34.91
18.86 34.58

# Barier 123 (vertices: 4)
41.78 29.94
41.66 30.91
41.47 31.07
41.42 31.09

# Barier 124 (vertices: 3)
19.05 4.82
19.13 4.73
20.02 4.48

# Barier 125 (vertices: 4)
4.97 45.33
4.59 44.82
5.68 43.92
5.69 43.93

# Barier 126 (vertices: 5)
11.59 33.77
12.05 33.38
13.49 33.68
13.27 34.26
11.52 34.24

# Barier 127 (vertices: 4)
2.8 44.18
2.94 44.63
0.68 44.9
0.97 43.92

# Barier 128 (vertices: 6)
36.39 1.84
36.64 1.45
38.6 1.78
37.4 2.49
36.93 2.46
36.84 2.43

# Barier 129 (vertices: 4)
19.14 20.53
18.84 20.25
18.7 19.17
18.9 18.87

# Barier 130 (vertices: 6)
29.89 48.96
29.67 48.66
29.81 47.28
29.95 47.19
30.64 47.3
30.8 49.22

# Barier 131 (vertices: 6)
34.68 29.79
33.52 31.15
33.08 30.61
33.28 30.03
33.67 29.68
33.76 29.64

# Barier 132 (vertices: 3)
36.78 24.11
36.61 22.97
37.29 22.4

# Barier 133 (vertices: 4)
16.75 33.49
16.87 34.18
16.55 34.51
15.29 33.63

# Barier 134 (vertices: 3)
22.38 44.14
22.73 43.85
24.02 45.2

# Barier 135 (vertices: 4)
19.47 27.8
18.66 27.36
18.55 26.98
20.71 26.88

# Barier 136 (vertices: 3)
47.69 19.16
47.78 19.11
48.79 19.15

# Barier 137 (vertices: 6)
44.64 41.85
44.59 41.87
44.08 42.01
45.44 40.17
45.47 40.18
45.67 40.43

# Barier 138 (vertices: 3)
30.64 18.97
31.09 19.61
29.63 19.52

# Barier 139 (vertices: 3)
1.39 23.85
1.07 23.55
2.28 23.65

# Barier 140 (vertices: 6)
4.39 37.81
4.66 36.95
4.81 36.8
6.28 37.6
6.01 38.1
5.32 38.5

# Barier 141 (vertices: 4)
23.77 11.98
24.11 12.72
23.55 13.18
22.43 12.8

# Barier 142 (vertices: 3)
12.95 11.66
11.69 13.04
11.71 11.95

# Barier 143 (vertices: 5)
12.25 31.23
11.72 30.62
11.7 30.56
12.14 29.34
12.65 29.43

# Barier 144 (vertices: 5)
38.32 30.18
37.58 31.07
36.62 30.47
36.38 29.82
36.4 29.78

# Barier 145 (vertices: 3)
40.06 9.51
40.85 7.77
41.54 7.89

# Barier 146 (vertices: 4)
16.84 5.87
15.47 6.16
15.1 5.56
15.83 4.47

# Barier 147 (vertices: 5)
38.01 38.04
37.3 38.43
37.02 38.3
37.68 36.57
38.06 36.77

# Barier 148 (vertices: 4)
34.54 47.36
34.95 47.91
33.57 49.19
33.5 49.17

# Barier 149 (vertices: 3)
49.2 43.93
49.31 44.12
48.66 45.49

# Barier 150 (vertices: 5)
4.26 2.04
4.76 0.93
4.82 0.91
6.47 1.55
6.48 2.21

# Barier 151 (vertices: 6)
23.6 6.27
22.93 6.29
22.57 6.1
22.29 4.91
22.29 4.9
22.5 4.64

# Barier 152 (vertices: 5)
9.38 7.83
9.86 8.19
8.54 10.06
8.24 9.9
7.97 8.21

# Barier 153 (vertices: 3)
26.41 11.71
27.59 12.61
27.51 12.81

# Barier 154 (vertices: 6)
8.42 37.99
8.27 37.82
8.14 37.19
8.16 37.14
8.36 36.86
9.48 38.15

# Barier 155 (vertices: 4)
33.34 19.08
34.61 19.95
33.72 20.76
33.36 20.46

# Barier 156 (vertices: 6)
29.44 44.24
30.75 43.82
31.09 44.01
31.26 45.07
31.24 45.1
29.33 44.78

# Barier 157 (vertices: 6)
11.85 40.5
13.18 40.23
13.4 40.71
13.41 40.91
12.47 42.1
11.63 41.58

# Barier 158 (vertices: 5)
47.38 37.39
48.33 36.81
48.76 38.1
48.5 38.2
48.0 38.16

# Barier 159 (vertices: 6)
6.39 16.32
5.25 17.12
4.32 16.29
4.3 16.12
4.3 15.95
6.38 15.81

# Barier 160 (vertices: 5)
27.26 36.78
27.71 37.27
27.56 37.96
25.83 37.51
26.26 36.83

# Barier 161 (vertices: 6)
27.62 44.84
26.84 45.56
25.97 44.89
25.95 44.8
26.81 43.72
26.82 43.73

# Barier 162 (vertices: 3)
30.6 24.05
30.31 22.31
30.92 22.31

# Barier 163 (vertices: 6)
38.48 15.97
37.94 16.81
37.93 16.81
37.84 16.83
37.31 16.8
36.49 15.98

# Barier 164 (vertices: 5)
8.92 43.71
8.96 43.72
9.08 43.76
9.6 44.74
9.46 45.28

# Barier 165 (vertices: 4)
2.08 31.26
1.83 31.26
1.11 29.59
1.98 29.5

# Barier 166 (vertices: 6)
18.44 37.72
18.46 37.38
19.41 36.39
20.45 36.56
20.54 36.64
20.27 38.43

# Barier 167 (vertices: 4)
41.13 49.27
40.56 49.17
41.24 47.16
42.11 47.76

# Barier 168 (vertices: 3)
37.18 18.96
37.5 18.94
37.5 18.94

# Barier 169 (vertices: 3)
2.68 9.67
2.13 8.19
2.73 9.6

# Barier 170 (vertices: 4)
6.26 34.15
6.0 34.58
4.45 34.15
5.86 33.16

# Barier 171 (vertices: 4)
45.35 4.59
45.57 5.0
44.08 6.26
43.71 5.71

# Barier 172 (vertices: 4)
27.5 40.34
26.72 42.12
26.12 41.85
25.93 41.62

# Barier 173 (vertices: 5)
2.19 2.61
1.43 2.73
0.88 2.4
0.79 1.58
2.13 0.84

# Barier 174 (vertices: 5)
1.19 4.62
1.67 4.44
2.77 5.45
1.92 6.27
0.93 5.8

