# === Outer edge ===
0.0 0.0
20.0 0.0
20.0 20.0
0.0 20.0

# Barier 1 (vertices: 6)
13.59 2.73
13.09 2.56
12.79 2.19
12.96 1.7
14.41 1.27
15.02 1.51

# Barier 2 (vertices: 6)
0.95 14.5
1.07 13.55
1.93 13.09
2.13 13.07
2.71 13.2
2.38 14.83

# Barier 3 (vertices: 4)
7.35 13.96
4.67 14.27
5.84 12.74
6.63 12.87

# Barier 4 (vertices: 6)
10.01 2.85
8.89 2.59
8.8 2.35
8.83 2.09
9.07 1.69
9.44 1.38

# Barier 5 (vertices: 3)
10.05 11.14
8.89 9.89
9.66 8.95

# Barier 6 (vertices: 4)
13.34 18.93
12.8 18.39
12.81 17.75
14.92 17.23

# Barier 7 (vertices: 5)
6.71 9.85
5.76 10.77
5.33 10.25
5.23 9.67
5.37 9.31

# Barier 8 (vertices: 5)
6.88 5.35
7.26 5.65
5.42 6.77
4.64 6.12
5.97 5.15

# Barier 9 (vertices: 3)
2.92 5.67
3.08 6.38
0.91 6.06

# Barier 10 (vertices: 3)
9.58 13.26
11.0 13.98
10.28 14.77

# Barier 11 (vertices: 4)
3.28 18.06
0.88 17.67
2.02 17.25
2.53 17.3

# Barier 12 (vertices: 3)
18.08 14.85
18.02 14.86
17.07 14.55

# Barier 13 (vertices: 3)
19.03 17.68
18.8 18.91
17.45 18.73

# Barier 14 (vertices: 5)
13.18 9.52
14.49 9.35
14.65 10.65
14.15 10.81
13.47 10.63

# Barier 15 (vertices: 3)
1.43 3.01
0.97 2.61
1.97 0.92

# Barier 16 (vertices: 6)
18.65 2.67
18.04 2.97
17.56 2.84
17.46 2.77
17.12 2.13
17.47 1.21

# Barier 17 (vertices: 3)
5.01 17.61
6.89 17.43
6.8 18.59

# Barier 18 (vertices: 4)
11.14 17.66
10.39 18.79
9.4 18.87
8.94 17.8

